"Data file recorded 2020/12/8  11:40:17"
  index,   time,    ref,ctrl_LR,ctrl_FB,ctrl_UD,ctrl_YA,  pitch,   roll,    yaw,    vgx,    vgy,    vgz,   templ,   temph,    tof,      h,    bat,   baro,   time,    agx,    agy,    agz
  0.000,  0.025,  0.000,  0.000,  0.000,  0.000,  0.000,  0.000,  0.000,-12.000,  0.000,  0.000,  0.000, 80.000, 81.000, 10.000,  0.000, 29.000,195.410, 77.000, -2.000,  8.000,-998.000
  1.000,  0.124,  0.000,  0.000,  0.000,  0.000,  0.000,  0.000,  0.000,-12.000,  0.000,  0.000,  0.000, 80.000, 81.000, 10.000,  0.000, 29.000,195.410, 77.000, -4.000, 14.000,-999.000
  2.000,  0.225,  0.000,  0.000,  0.000,  0.000,  0.000,  0.000,  0.000,-12.000,  0.000,  0.000,  0.000, 80.000, 81.000, 10.000,  0.000, 29.000,195.410, 78.000,  3.000,  6.000,-1001.000
  3.000,  0.327,  0.000,  0.000,  0.000,  0.000,  0.000,  0.000,  0.000,-12.000,  0.000,  0.000,  0.000, 79.000, 82.000, 10.000,  0.000, 29.000,195.410, 78.000,-26.000, 86.000,-1012.000
  4.000,  0.429,  0.000,  0.000,  0.000,  0.000,  0.000,  0.000,  0.000,-12.000,  0.000,  0.000,  0.000, 79.000, 82.000, 10.000,  0.000, 29.000,195.410, 78.000,-16.000, 48.000,-1007.000
  5.000,  0.489,  0.000,  0.000,  0.000,  0.000,  0.000,  0.000,  0.000,-13.000,  0.000,  0.000,  0.000, 79.000, 82.000, 10.000,  0.000, 29.000,195.410, 78.000,  9.000,  0.000,-984.000
  6.000,  0.582,  0.000,  0.000,  0.000,  0.000,  0.000,  0.000,  0.000,-13.000,  0.000,  0.000,  0.000, 79.000, 82.000, 10.000,  0.000, 29.000,195.410, 78.000, -3.000,-46.000,-1139.000
  7.000,  0.685,  0.000,  0.000,  0.000,  0.000,  0.000,  0.000,  0.000,-13.000,  0.000,  0.000,  0.000, 79.000, 82.000, 10.000,  0.000, 29.000,195.410, 78.000, -9.000,-37.000,-1295.000
  8.000,  0.786,  0.000,  0.000,  0.000,  0.000,  0.000, -1.000,  0.000,-13.000,  0.000,  0.000, -2.000, 79.000, 82.000, 10.000,  0.000, 29.000,195.410, 78.000, 10.000, 16.000,-1225.000
  9.000,  0.889,  0.000,  0.000,  0.000,  0.000,  0.000,  0.000,  0.000,-13.000,  0.000,  0.000, -4.000, 79.000, 82.000, 15.000,  0.000, 29.000,195.410, 78.000,-12.000, -2.000,-1119.000
 10.000,  0.991,  0.000,  0.000,  0.000,  0.000,  0.000,  0.000,  0.000,-13.000,  0.000,  0.000, -5.000, 79.000, 82.000, 23.000,  0.000, 29.000,195.670, 78.000, -7.000,-23.000,-1031.000
 11.000,  1.092,  0.000,  0.000,  0.000,  0.000,  0.000,  0.000,  0.000,-13.000,  0.000,  0.000, -5.000, 79.000, 82.000, 30.000,  0.000, 29.000,195.680, 78.000,  5.000,-35.000,-994.000
 12.000,  1.194,  0.000,  0.000,  0.000,  0.000,  0.000,  0.000,  0.000,-13.000,  0.000,  0.000, -5.000, 79.000, 82.000, 37.000,  0.000, 29.000,195.780, 79.000,-13.000,-10.000,-960.000
 13.000,  1.296,  0.000,  0.000,  0.000,  0.000,  0.000,  0.000,  0.000,-13.000,  0.000,  0.000, -4.000, 80.000, 82.000, 42.000,  0.000, 29.000,195.870, 79.000,-18.000,-46.000,-999.000
 14.000,  1.398,  0.000,  0.000,  0.000,  0.000,  0.000,  0.000,  0.000,-13.000,  0.000,  0.000, -3.000, 80.000, 82.000, 49.000, 10.000, 29.000,195.990, 79.000,  6.000,-22.000,-955.000
 15.000,  1.500,  0.000,  0.000,  0.000,  0.000,  0.000,  0.000,  0.000,-13.000,  0.000,  0.000, -2.000, 80.000, 82.000, 55.000, 10.000, 29.000,195.960, 79.000, -7.000,-22.000,-953.000
 16.000,  1.602,  0.000,  0.000,  0.000,  0.000,  0.000,  0.000,  0.000,-13.000,  0.000,  0.000, -2.000, 80.000, 82.000, 61.000, 10.000, 29.000,196.000, 79.000,-28.000, 31.000,-939.000
 17.000,  1.704,  0.000,  0.000,  0.000,  0.000,  0.000,  0.000,  0.000,-13.000,  0.000,  0.000, -1.000, 80.000, 82.000, 65.000, 20.000, 29.000,196.090, 79.000, -7.000,  0.000,-952.000
 18.000,  1.806,  0.000,  0.000,  0.000,  0.000,  0.000,  0.000,  0.000,-13.000,  0.000,  0.000, -1.000, 80.000, 82.000, 70.000, 20.000, 29.000,196.130, 79.000, -3.000, 14.000,-945.000
 19.000,  1.908,  0.000,  0.000,  0.000,  0.000,  0.000,  0.000,  0.000,-13.000,  0.000,  0.000,  0.000, 80.000, 82.000, 74.000, 20.000, 29.000,196.150, 79.000, -2.000,  8.000,-940.000
 20.000,  2.011,  0.000,  0.000,  0.000,  0.000,  0.000,  0.000,  0.000,-13.000,  0.000,  0.000,  0.000, 80.000, 82.000, 78.000, 20.000, 29.000,196.310, 79.000,-13.000,-14.000,-970.000
 21.000,  2.118,  0.000,  0.000,  0.000,  0.000,  0.000,  0.000,  0.000,-13.000,  0.000,  0.000,  0.000, 80.000, 82.000, 81.000, 30.000, 29.000,196.240, 80.000, -3.000,-31.000,-997.000
 22.000,  2.214,  0.000,  0.000,  0.000,  0.000,  0.000,  0.000,  0.000,-13.000,  0.000,  0.000,  0.000, 80.000, 82.000, 84.000, 30.000, 29.000,196.280, 80.000,-21.000,-27.000,-1009.000
 23.000,  2.316,  0.000,  0.000,  0.000,  0.000,  0.000,  0.000,  0.000,-13.000,  0.000,  0.000,  0.000, 80.000, 82.000, 86.000, 30.000, 29.000,196.310, 80.000,-14.000, -1.000,-967.000
 24.000,  2.418,  0.000,  0.000,  0.000,  0.000,  0.000,  0.000,  0.000,-13.000,  0.000,  0.000,  0.000, 80.000, 82.000, 88.000, 30.000, 29.000,196.330, 80.000, -2.000, -3.000,-977.000
 25.000,  2.520,  0.000,  0.000,  0.000,  0.000,  0.000,  0.000,  0.000,-13.000,  0.000,  0.000,  0.000, 80.000, 82.000, 90.000, 30.000, 29.000,196.400, 80.000,-19.000, 41.000,-975.000
 26.000,  2.622,  0.000,  0.000,  0.000,  0.000,  0.000,  0.000,  0.000,-13.000,  0.000,  0.000,  0.000, 80.000, 82.000, 92.000, 40.000, 29.000,196.370, 80.000,-21.000, 32.000,-961.000
 27.000,  2.758,  0.000,  0.000,  0.000,  0.000,  0.000,  0.000,  0.000,-13.000,  0.000,  0.000,  0.000, 80.000, 82.000, 92.000, 40.000, 29.000,196.440, 80.000, -7.000,  8.000,-957.000
 28.000,  2.835,  0.000,  0.000,  0.000,  0.000,  0.000,  0.000,  0.000,-13.000,  0.000,  0.000,  0.000, 80.000, 82.000, 93.000, 40.000, 29.000,196.410, 80.000, -5.000, 29.000,-956.000
 29.000,  2.929,  0.000,  0.000,  0.000,  0.000,  0.000,  0.000,  0.000,-13.000,  0.000,  0.000,  1.000, 80.000, 82.000, 93.000, 40.000, 29.000,196.330, 80.000, -8.000, 38.000,-967.000
 30.000,  3.050,  0.000,  0.000,  0.000,  0.000,  0.000,  0.000,  0.000,-13.000,  0.000,  0.000,  1.000, 80.000, 82.000, 93.000, 40.000, 29.000,196.300, 80.000, -6.000, 21.000,-972.000
 31.000,  3.133,  0.000,  0.000,  0.000,  0.000,  0.000,  0.000,  0.000,-13.000,  0.000,  0.000,  1.000, 80.000, 82.000, 92.000, 40.000, 29.000,196.350, 81.000, -9.000, -5.000,-969.000
 32.000,  3.235,  0.000,  0.000,  0.000,  0.000,  0.000,  0.000,  0.000,-13.000,  0.000,  0.000,  1.000, 80.000, 82.000, 92.000, 40.000, 29.000,196.260, 81.000, -3.000,-23.000,-992.000
 33.000,  3.337,  0.000,  0.000,  0.000,  0.000,  0.000,  0.000,  0.000,-13.000,  0.000,  0.000,  1.000, 79.000, 81.000, 91.000, 40.000, 29.000,196.360, 81.000,-16.000, -2.000,-991.000
 34.000,  3.439,  0.000,  0.000,  0.000,  0.000,  0.000,  0.000,  0.000,-13.000,  0.000,  0.000,  1.000, 79.000, 81.000, 89.000, 40.000, 29.000,196.280, 81.000, -1.000,  3.000,-961.000
 35.000,  3.541,  0.000,  0.000,  0.000,  0.000,  0.000,  0.000,  0.000,-13.000,  0.000,  0.000,  1.000, 79.000, 81.000, 88.000, 40.000, 29.000,196.240, 81.000,-16.000,-30.000,-1034.000
 36.000,  3.643,  0.000,  0.000,  0.000,  0.000,  0.000,  0.000,  0.000,-13.000,  0.000,  0.000,  1.000, 79.000, 81.000, 86.000, 40.000, 29.000,196.280, 81.000,-12.000,-15.000,-1011.000
 37.000,  3.747,  0.000,  0.000,  0.000,  0.000,  0.000,  0.000,  0.000,-13.000,  0.000,  0.000,  1.000, 79.000, 81.000, 85.000, 40.000, 29.000,196.170, 81.000, -8.000, 16.000,-987.000
 38.000,  3.847,  0.000,  0.000,  0.000,  0.000,  0.000,  0.000,  0.000,-13.000,  0.000,  0.000,  1.000, 79.000, 81.000, 83.000, 40.000, 29.000,196.260, 81.000,  3.000,  9.000,-973.000
 39.000,  3.950,  0.000,  0.000,  0.000,  0.000,  0.000,  0.000,  0.000,-13.000,  0.000,  0.000,  1.000, 79.000, 81.000, 81.000, 30.000, 29.000,196.170, 81.000,  2.000,-29.000,-1008.000
 40.000,  4.058,  0.000,  0.000,  0.000,  0.000,  0.000,  0.000,  0.000,-13.000,  0.000,  0.000,  1.000, 79.000, 81.000, 79.000, 30.000, 29.000,196.200, 81.000, 12.000, 24.000,-972.000
 41.000,  4.153,  0.000,  0.000,  0.000,  0.000,  0.000,  0.000,  0.000,-13.000,  0.000,  0.000,  1.000, 79.000, 81.000, 77.000, 30.000, 29.000,196.240, 82.000,-21.000,-50.000,-1034.000
 42.000,  4.255,  0.000,  0.000,  0.000,  0.000,  0.000,  0.000,  0.000,-13.000,  0.000,  0.000,  1.000, 79.000, 81.000, 75.000, 30.000, 29.000,196.130, 82.000,-10.000,  7.000,-990.000
 43.000,  4.357,  0.000,  0.000,  0.000,  0.000,  0.000,  0.000,  0.000,-13.000,  0.000,  0.000,  1.000, 79.000, 81.000, 72.000, 30.000, 29.000,196.190, 82.000, -4.000,-15.000,-1017.000
 44.000,  4.459,  0.000,  0.000,  0.000,  0.000,  0.000,  0.000,  0.000,-13.000,  0.000,  0.000,  1.000, 79.000, 81.000, 71.000, 30.000, 29.000,196.120, 82.000, 18.000, -1.000,-996.000
 45.000,  0.083,  0.000,  0.000,  0.000,  0.000,  0.000,  0.000,  0.000,-13.000,  0.000,  0.000,  1.000, 79.000, 81.000, 69.000, 30.000, 29.000,196.170, 82.000, -3.000, 38.000,-971.000
 46.000,  0.184,  0.000,  0.000,  0.000,  0.000,  0.000,  0.000,  0.000,-13.000,  0.000,  0.000,  0.000, 79.000, 81.000, 67.000, 20.000, 29.000,196.140, 82.000, -8.000,  6.000,-1015.000
 47.000,  0.287,  0.000,  0.000,  0.000,  0.000,  0.000,  0.000,  0.000,-13.000,  0.000,  0.000,  0.000, 79.000, 81.000, 65.000, 20.000, 29.000,196.080, 82.000,  3.000, 30.000,-990.000
 48.000,  0.338,  0.000,  0.000,  0.000,  0.000,  0.000, -1.000,  0.000,-13.000,  0.000,  0.000,  0.000, 79.000, 81.000, 64.000, 20.000, 29.000,196.130, 82.000,  4.000,-19.000,-1020.000
 49.000,  0.445,  0.000,  0.000,  0.000,  0.000,  0.000, -1.000,  0.000,-13.000,  0.000,  0.000,  0.000, 79.000, 81.000, 63.000, 20.000, 29.000,196.120, 82.000,  2.000,-23.000,-1034.000
 50.000,  0.541,  0.000,  0.000,  0.000,  0.000,  0.000, -1.000,  0.000,-13.000,  0.000,  0.000,  0.000, 79.000, 81.000, 61.000, 20.000, 29.000,196.170, 82.000,-19.000, 33.000,-979.000
 51.000,  0.643,  0.000,  0.000,  0.000,  0.000,  0.000, -1.000,  0.000,-13.000,  0.000,  0.000,  0.000, 79.000, 81.000, 60.000, 20.000, 29.000,196.160, 83.000,-27.000, 11.000,-1033.000
 52.000,  0.749,  0.000,  0.000,  0.000,  0.000,  0.000, -1.000,  0.000,-13.000,  1.000,  0.000,  0.000, 79.000, 81.000, 59.000, 20.000, 29.000,196.140, 83.000,-13.000,-21.000,-1047.000
 53.000,  0.847,  0.000,  0.000,  0.000,  0.000,  0.000, -1.000,  0.000,-13.000,  1.000,  0.000,  0.000, 79.000, 81.000, 58.000, 20.000, 29.000,196.160, 83.000,-16.000,  7.000,-1018.000
 54.000,  0.949,  0.000,  0.000,  0.000,  0.000,  0.000, -1.000,  0.000,-13.000,  1.000,  0.000,  0.000, 79.000, 81.000, 58.000, 20.000, 29.000,196.140, 83.000,-23.000,  2.000,-1020.000
 55.000,  1.051,  0.000,  0.000,  0.000,  0.000,  0.000, -1.000,  0.000,-13.000,  1.000,  0.000,  0.000, 79.000, 81.000, 57.000, 20.000, 29.000,196.170, 83.000,  0.000, 25.000,-969.000
 56.000,  1.153,  0.000,  0.000,  0.000,  0.000,  0.000, -1.000,  0.000,-13.000,  1.000,  0.000,  0.000, 79.000, 81.000, 57.000, 10.000, 29.000,196.140, 83.000,-15.000,  6.000,-1022.000
 57.000,  1.255,  0.000,  0.000,  0.000,  0.000,  0.000, -1.000,  0.000,-13.000,  1.000,  0.000,  0.000, 79.000, 81.000, 57.000, 10.000, 29.000,196.250, 83.000, -9.000, 17.000,-991.000
 58.000,  1.357,  0.000,  0.000,  0.000,  0.000,  0.000,  0.000,  0.000,-13.000,  1.000,  0.000,  0.000, 79.000, 81.000, 56.000, 10.000, 29.000,196.160, 83.000,-24.000, 28.000,-999.000
 59.000,  1.461,  0.000,  0.000,  0.000,  0.000,  0.000,  0.000,  0.000,-13.000,  1.000,  0.000,  0.000, 79.000, 81.000, 56.000, 10.000, 29.000,196.160, 83.000,-25.000, 26.000,-1012.000
 60.000,  1.565,  0.000,  0.000,  0.000,  0.000,  0.000,  0.000,  0.000,-13.000,  2.000,  0.000,  0.000, 79.000, 81.000, 57.000, 10.000, 29.000,196.220, 83.000,-14.000, 16.000,-999.000
 61.000,  1.663,  0.000,  0.000,  0.000,  0.000,  0.000,  0.000,  0.000,-13.000,  2.000,  0.000,  0.000, 79.000, 81.000, 57.000, 10.000, 29.000,196.170, 84.000,  0.000, -1.000,-986.000
 62.000,  1.786,  0.000,  0.000,  0.000,  0.000,  0.000,  0.000,  0.000,-13.000,  2.000,  0.000,  0.000, 79.000, 81.000, 57.000, 10.000, 29.000,196.150, 84.000,-13.000, 37.000,-976.000
 63.000,  1.875,  0.000,  0.000,  0.000,  0.000,  0.000,  0.000,  0.000,-13.000,  2.000,  0.000,  0.000, 79.000, 80.000, 57.000, 10.000, 29.000,196.250, 84.000,-14.000,-15.000,-1027.000
 64.000,  1.970,  0.000,  0.000,  0.000,  0.000,  0.000,  0.000,  0.000,-13.000,  2.000,  0.000,  0.000, 79.000, 80.000, 58.000, 10.000, 29.000,196.220, 84.000,-18.000, -3.000,-994.000
 65.000,  2.071,  0.000,  0.000,  0.000,  0.000,  0.000,  0.000,  0.000,-13.000,  2.000,  0.000,  0.000, 79.000, 80.000, 57.000, 10.000, 29.000,196.210, 84.000,-18.000, 24.000,-997.000
 66.000,  2.178,  0.000,  0.000,  0.000,  0.000,  0.000, -1.000,  0.000,-13.000,  2.000,  0.000,  0.000, 79.000, 80.000, 58.000, 10.000, 29.000,196.240, 84.000,-18.000, 24.000,-1001.000
 67.000,  2.278,  0.000,  0.000,  0.000,  0.000,  0.000, -1.000,  0.000,-13.000,  2.000,  0.000,  0.000, 79.000, 80.000, 58.000, 10.000, 29.000,196.170, 84.000,-24.000, -4.000,-1016.000
 68.000,  2.379,  0.000,  0.000,  0.000,  0.000,  0.000, -1.000,  0.000,-13.000,  2.000,  0.000,  0.000, 79.000, 80.000, 59.000, 10.000, 29.000,196.180, 84.000,-31.000,-22.000,-1023.000
 69.000,  2.482,  0.000,  0.000,  0.000,  0.000,  0.000,  0.000,  0.000,-13.000,  2.000,  0.000,  0.000, 79.000, 80.000, 59.000, 10.000, 29.000,196.190, 84.000,-30.000,-15.000,-1022.000
 70.000,  2.589,  0.000,  0.000,  0.000,  0.000,  0.000,  0.000,  0.000,-13.000,  2.000,  0.000,  0.000, 79.000, 80.000, 59.000, 10.000, 29.000,196.200, 84.000,-32.000,-12.000,-1029.000
 71.000,  2.687,  0.000,  0.000,  0.000,  0.000,  0.000,  0.000,  0.000,-13.000,  2.000,  0.000,  0.000, 79.000, 80.000, 60.000, 20.000, 29.000,196.270, 85.000,-33.000, -5.000,-1040.000
 72.000,  2.793,  0.000,  0.000,  0.000,  0.000,  0.000,  0.000,  0.000,-13.000,  2.000,  0.000,  0.000, 79.000, 80.000, 60.000, 20.000, 29.000,196.380, 85.000,-20.000,-18.000,-1015.000
 73.000,  2.897,  0.000,  0.000,  0.000,  0.000,  0.000,  0.000,  0.000,-13.000,  2.000,  0.000,  0.000, 79.000, 80.000, 60.000, 20.000, 29.000,196.390, 85.000, -7.000,  3.000,-982.000
 74.000,  2.989,  0.000,  0.000,  0.000,  0.000,  0.000, -1.000,  0.000,-13.000,  2.000,  0.000,  0.000, 79.000, 80.000, 61.000, 20.000, 29.000,196.270, 85.000,-14.000,  8.000,-997.000
 75.000,  3.092,  0.000,  0.000,  0.000,  0.000,  0.000, -1.000,  0.000,-13.000,  2.000,  0.000,  0.000, 79.000, 80.000, 61.000, 20.000, 29.000,196.310, 85.000,-33.000, 32.000,-1011.000
 76.000,  3.193,  0.000,  0.000,  0.000,  0.000,  0.000, -1.000,  0.000,-13.000,  2.000,  0.000,  0.000, 79.000, 80.000, 61.000, 20.000, 29.000,196.260, 85.000, -3.000, 26.000,-990.000
 77.000,  3.295,  0.000,  0.000,  0.000,  0.000,  0.000, -1.000,  0.000,-13.000,  2.000,  0.000,  0.000, 79.000, 80.000, 61.000, 20.000, 29.000,196.250, 85.000,  0.000, -5.000,-1006.000
 78.000,  3.402,  0.000,  0.000,  0.000,  0.000,  0.000, -1.000,  0.000,-13.000,  2.000,  0.000,  0.000, 79.000, 80.000, 61.000, 20.000, 29.000,196.270, 85.000,-20.000, 44.000,-996.000
 79.000,  3.499,  0.000,  0.000,  0.000,  0.000,  0.000, -1.000,  0.000,-13.000,  2.000,  0.000,  0.000, 79.000, 80.000, 62.000, 20.000, 29.000,196.250, 85.000,-10.000, 47.000,-945.000
 80.000,  3.605,  0.000,  0.000,  0.000,  0.000,  0.000, -1.000,  0.000,-13.000,  2.000,  0.000,  0.000, 79.000, 80.000, 62.000, 20.000, 29.000,196.290, 85.000,-38.000, 51.000,-994.000
 81.000,  3.707,  0.000,  0.000,  0.000,  0.000,  0.000,  0.000,  0.000,-13.000,  2.000,  0.000,  0.000, 79.000, 80.000, 63.000, 20.000, 29.000,196.330, 86.000,-17.000, 12.000,-1004.000
 82.000,  3.809,  0.000,  0.000,  0.000,  0.000,  0.000,  0.000,  0.000,-13.000,  2.000,  0.000,  0.000, 79.000, 80.000, 63.000, 20.000, 29.000,196.270, 86.000,-28.000, 22.000,-993.000
 83.000,  3.908,  0.000,  0.000,  0.000,  0.000,  0.000,  0.000,  0.000,-13.000,  2.000,  0.000,  0.000, 78.000, 80.000, 63.000, 20.000, 29.000,196.360, 86.000,-21.000, 21.000,-965.000
 84.000,  4.009,  0.000,  0.000,  0.000,  0.000,  0.000, -1.000,  0.000,-13.000,  2.000,  0.000,  0.000, 78.000, 80.000, 64.000, 20.000, 29.000,196.290, 86.000,-14.000,-17.000,-1036.000
 85.000,  4.112,  0.000,  0.000,  0.000,  0.000,  0.000, -1.000,  0.000,-13.000,  2.000,  0.000,  0.000, 78.000, 80.000, 64.000, 20.000, 29.000,196.290, 86.000,-37.000, 14.000,-1010.000
 86.000,  4.215,  0.000,  0.000,  0.000,  0.000,  0.000, -1.000,  0.000,-13.000,  2.000,  0.000,  0.000, 78.000, 80.000, 65.000, 20.000, 29.000,196.320, 86.000,-24.000, 23.000,-969.000
 87.000,  4.316,  0.000,  0.000,  0.000,  0.000,  0.000, -1.000,  0.000,-13.000,  2.000,  0.000,  0.000, 78.000, 80.000, 66.000, 20.000, 29.000,196.350, 86.000,-30.000,-23.000,-1046.000
 88.000,  4.367,  0.000,  0.000,  0.000,  0.000,  0.000, -1.000,  0.000,-13.000,  2.000,  0.000,  0.000, 78.000, 80.000, 65.000, 20.000, 29.000,196.350, 86.000,-21.000,  2.000,-997.000
 89.000,  4.469,  0.000,  0.000,  0.000,  0.000,  0.000, -1.000,  0.000,-13.000,  2.000,  0.000,  0.000, 78.000, 80.000, 66.000, 20.000, 29.000,196.370, 86.000,-36.000,  2.000,-991.000
 90.000,  4.578,  0.000,  0.000,  0.000,  0.000,  0.000, -1.000,  0.000,-13.000,  2.000,  0.000,  0.000, 78.000, 80.000, 66.000, 20.000, 29.000,196.380, 86.000,-41.000, -9.000,-1030.000
 91.000,  4.676,  0.000,  0.000,  0.000,  0.000,  0.000, -1.000,  0.000,-13.000,  2.000,  0.000,  0.000, 78.000, 80.000, 66.000, 20.000, 29.000,196.370, 87.000,-24.000, 25.000,-994.000
 92.000,  4.775,  0.000,  0.000,  0.000,  0.000,  0.000, -1.000,  0.000,-13.000,  2.000,  0.000,  0.000, 78.000, 80.000, 66.000, 20.000, 29.000,196.370, 87.000,-17.000, 23.000,-966.000
 93.000,  4.877,  0.000,  0.000,  0.000,  0.000,  0.000, -1.000,  0.000,-13.000,  2.000,  0.000,  0.000, 78.000, 80.000, 67.000, 20.000, 29.000,196.330, 87.000,-49.000, 42.000,-999.000
 94.000,  4.982,  0.000,  0.000,  0.000,  0.000,  0.000, -1.000,  0.000,-13.000,  2.000,  0.000,  0.000, 78.000, 80.000, 67.000, 20.000, 29.000,196.380, 87.000,-14.000,  7.000,-989.000
 95.000,  5.081,  0.000,  0.000,  0.000,  0.000,  0.000, -1.000,  0.000,-13.000,  2.000,  0.000,  0.000, 78.000, 80.000, 66.000, 20.000, 29.000,196.320, 87.000,-26.000,-22.000,-1014.000
 96.000,  5.183,  0.000,  0.000,  0.000,  0.000,  0.000, -1.000,  0.000,-13.000,  2.000,  0.000,  0.000, 78.000, 80.000, 66.000, 20.000, 29.000,196.300, 87.000,-10.000,  2.000,-971.000
 97.000,  5.285,  0.000,  0.000,  0.000,  0.000,  0.000,  0.000,  0.000,-13.000,  2.000,  0.000,  0.000, 78.000, 80.000, 66.000, 20.000, 29.000,196.270, 87.000,-26.000, 12.000,-1014.000
 98.000,  5.387,  0.000,  0.000,  0.000,  0.000,  0.000, -1.000,  0.000,-13.000,  2.000,  0.000,  0.000, 78.000, 80.000, 67.000, 20.000, 29.000,196.350, 87.000,-21.000, 15.000,-979.000
 99.000,  5.489,  0.000,  0.000,  0.000,  0.000,  0.000, -1.000,  0.000,-13.000,  2.000,  0.000,  0.000, 78.000, 80.000, 67.000, 20.000, 29.000,196.430, 87.000,-34.000, 17.000,-996.000
100.000,  5.599,  0.000,  0.000,  0.000,  0.000,  0.000, -1.000,  0.000,-13.000,  2.000,  0.000,  0.000, 78.000, 80.000, 67.000, 20.000, 29.000,196.370, 87.000,-36.000, 30.000,-966.000
101.000,  5.693,  0.000,  0.000,  0.000,  0.000,  0.000, -1.000,  0.000,-13.000,  2.000,  0.000,  0.000, 78.000, 80.000, 67.000, 20.000, 29.000,196.380, 88.000, -8.000,-37.000,-1002.000
102.000,  5.796,  0.000,  0.000,  0.000,  0.000,  0.000, -1.000,  0.000,-13.000,  2.000,  0.000,  0.000, 78.000, 80.000, 68.000, 20.000, 29.000,196.380, 88.000,-24.000, 26.000,-969.000
103.000,  5.900,  0.000,  0.000,  0.000,  0.000,  0.000, -1.000,  0.000,-13.000,  2.000,  0.000,  0.000, 78.000, 80.000, 68.000, 20.000, 29.000,196.350, 88.000,-33.000,  1.000,-1011.000
104.000,  5.999,  0.000,  0.000,  0.000,  0.000,  0.000, -1.000,  0.000,-13.000,  2.000,  0.000,  0.000, 78.000, 80.000, 68.000, 20.000, 29.000,196.200, 88.000,-30.000, -6.000,-970.000
105.000,  6.104,  0.000,  0.000,  0.000,  0.000,  0.000, -1.000,  0.000,-13.000,  2.000,  0.000,  0.000, 78.000, 80.000, 68.000, 20.000, 29.000,196.380, 88.000,-12.000,-54.000,-1039.000
106.000,  6.202,  0.000,  0.000,  0.000,  0.000,  0.000, -1.000,  0.000,-13.000,  2.000,  0.000,  0.000, 78.000, 80.000, 68.000, 20.000, 29.000,196.230, 88.000,-39.000, 27.000,-989.000
107.000,  6.305,  0.000,  0.000,  0.000,  0.000,  0.000, -1.000,  0.000,-13.000,  2.000,  0.000,  0.000, 78.000, 80.000, 68.000, 20.000, 29.000,196.280, 88.000,-34.000,  2.000,-975.000
108.000,  6.411,  0.000,  0.000,  0.000,  0.000,  0.000, -1.000,  0.000,-13.000,  2.000,  0.000,  0.000, 78.000, 80.000, 68.000, 20.000, 29.000,196.330, 88.000,-24.000,-22.000,-1013.000
109.000,  6.509,  0.000,  0.000,  0.000,  0.000,  0.000, -1.000,  0.000,-13.000,  2.000,  0.000,  0.000, 78.000, 80.000, 68.000, 20.000, 29.000,196.240, 88.000,-24.000,-35.000,-1023.000
110.000,  6.611,  0.000,  0.000,  0.000,  0.000,  0.000, -1.000,  0.000,-13.000,  2.000,  0.000,  0.000, 78.000, 80.000, 68.000, 20.000, 29.000,196.390, 88.000,-19.000,-26.000,-990.000
111.000,  6.712,  0.000,  0.000,  0.000,  0.000,  0.000, -1.000,  0.000,-13.000,  2.000,  0.000,  0.000, 78.000, 80.000, 68.000, 20.000, 29.000,196.370, 89.000,-16.000,  0.000,-994.000
112.000,  6.817,  0.000,  0.000,  0.000,  0.000,  0.000,  0.000,  0.000,-13.000,  2.000,  0.000,  0.000, 78.000, 80.000, 68.000, 20.000, 29.000,196.490, 89.000,-24.000,  3.000,-991.000
113.000,  6.916,  0.000,  0.000,  0.000,  0.000,  0.000,  0.000,  0.000,-13.000,  2.000,  0.000,  0.000, 77.000, 80.000, 68.000, 20.000, 29.000,196.420, 89.000,-30.000,-10.000,-998.000
114.000,  7.019,  0.000,  0.000,  0.000,  0.000,  0.000, -1.000,  0.000,-13.000,  2.000,  0.000,  0.000, 77.000, 80.000, 68.000, 20.000, 29.000,196.350, 89.000,-46.000, 30.000,-1032.000
115.000,  7.120,  0.000,  0.000,  0.000,  0.000,  0.000, -1.000,  0.000,-13.000,  2.000, -1.000,  0.000, 77.000, 80.000, 68.000, 20.000, 29.000,196.370, 89.000,  8.000,-34.000,-1006.000
116.000,  7.223,  0.000,  0.000,  0.000,  0.000,  0.000, -1.000,  1.000,-13.000,  2.000, -1.000,  0.000, 77.000, 80.000, 68.000, 20.000, 29.000,196.390, 89.000,-14.000,  3.000,-995.000
117.000,  7.324,  0.000,  0.000,  0.000,  0.000,  0.000,  0.000,  0.000,-13.000,  3.000, -1.000,  0.000, 77.000, 80.000, 68.000, 20.000, 29.000,196.300, 89.000,-28.000,-12.000,-973.000
118.000,  7.426,  0.000,  0.000,  0.000,  0.000,  0.000,  0.000,  0.000,-13.000,  3.000, -1.000,  0.000, 77.000, 80.000, 68.000, 20.000, 29.000,196.350, 89.000, -2.000,-49.000,-1018.000
119.000,  7.529,  0.000,  0.000,  0.000,  0.000,  0.000,  0.000,  0.000,-13.000,  3.000, -1.000,  0.000, 77.000, 80.000, 68.000, 20.000, 29.000,196.290, 89.000,-35.000, 30.000,-950.000
120.000,  7.631,  0.000,  0.000,  0.000,  0.000,  0.000,  0.000,  0.000,-13.000,  3.000,  0.000,  0.000, 77.000, 80.000, 68.000, 20.000, 29.000,196.280, 89.000, -8.000, 22.000,-984.000
121.000,  7.733,  0.000,  0.000,  0.000,  0.000,  0.000,  0.000,  0.000,-13.000,  2.000,  0.000,  0.000, 77.000, 80.000, 68.000, 20.000, 29.000,196.300, 90.000, -8.000,  9.000,-987.000
122.000,  7.835,  0.000,  0.000,  0.000,  0.000,  0.000,  0.000,  0.000,-13.000,  2.000,  0.000,  0.000, 77.000, 80.000, 67.000, 20.000, 29.000,196.280, 90.000,-10.000,-19.000,-1015.000
123.000,  7.938,  0.000,  0.000,  0.000,  0.000,  0.000,  0.000,  0.000,-13.000,  2.000,  0.000,  0.000, 78.000, 80.000, 67.000, 20.000, 29.000,196.470, 90.000,-40.000, 28.000,-959.000
124.000,  8.039,  0.000,  0.000,  0.000,  0.000,  0.000,  0.000,  0.000,-13.000,  2.000,  0.000,  0.000, 78.000, 80.000, 67.000, 20.000, 29.000,196.320, 90.000,-18.000,-23.000,-1012.000
125.000,  8.141,  0.000,  0.000,  0.000,  0.000,  0.000, -1.000,  0.000,-13.000,  2.000,  0.000,  0.000, 78.000, 80.000, 67.000, 20.000, 29.000,196.310, 90.000,-24.000,-17.000,-998.000
126.000,  8.243,  0.000,  0.000,  0.000,  0.000,  0.000, -1.000,  0.000,-13.000,  2.000,  0.000,  0.000, 78.000, 80.000, 67.000, 20.000, 29.000,196.360, 90.000,-34.000,-16.000,-1012.000
127.000,  8.346,  0.000,  0.000,  0.000,  0.000,  0.000,  0.000,  0.000,-13.000,  2.000,  0.000,  0.000, 78.000, 80.000, 67.000, 20.000, 29.000,196.480, 90.000,-34.000, -6.000,-1003.000
128.000,  8.447,  0.000,  0.000,  0.000,  0.000,  0.000, -1.000,  0.000,-13.000,  2.000,  0.000,  0.000, 78.000, 80.000, 67.000, 20.000, 29.000,196.400, 90.000,-33.000, 14.000,-978.000
129.000,  8.549,  0.000,  0.000,  0.000,  0.000,  0.000, -1.000,  0.000,-13.000,  2.000,  0.000,  0.000, 78.000, 80.000, 68.000, 20.000, 29.000,196.330, 90.000,-30.000,-37.000,-1006.000
130.000,  8.651,  0.000,  0.000,  0.000,  0.000,  0.000, -1.000,  0.000,-13.000,  2.000,  0.000,  0.000, 78.000, 80.000, 67.000, 20.000, 29.000,196.390, 90.000,-21.000, 40.000,-953.000
131.000,  8.707,  0.000,  0.000,  0.000,  0.000,  0.000, -1.000,  0.000,-13.000,  2.000,  0.000,  0.000, 78.000, 80.000, 68.000, 20.000, 29.000,196.440, 91.000,-39.000,-26.000,-1019.000
132.000,  8.808,  0.000,  0.000,  0.000,  0.000,  0.000, -1.000,  0.000,-13.000,  2.000,  0.000,  0.000, 78.000, 80.000, 67.000, 20.000, 29.000,196.390, 91.000, -7.000, 14.000,-985.000
133.000,  8.907,  0.000,  0.000,  0.000,  0.000,  0.000, -1.000,  0.000,-13.000,  2.000,  0.000,  0.000, 78.000, 80.000, 67.000, 20.000, 29.000,196.430, 91.000,-45.000,  5.000,-1021.000
134.000,  9.012,  0.000,  0.000,  0.000,  0.000,  0.000, -1.000,  0.000,-13.000,  2.000,  0.000,  0.000, 78.000, 80.000, 67.000, 20.000, 29.000,196.540, 91.000,-27.000, 36.000,-973.000
135.000,  9.111,  0.000,  0.000,  0.000,  0.000,  0.000, -1.000,  0.000,-13.000,  2.000,  0.000,  0.000, 78.000, 80.000, 68.000, 20.000, 29.000,196.370, 91.000,-40.000, 26.000,-971.000
136.000,  9.215,  0.000,  0.000,  0.000,  0.000,  0.000, -1.000,  0.000,-13.000,  2.000,  0.000,  0.000, 78.000, 80.000, 68.000, 20.000, 29.000,196.490, 91.000,-50.000,-31.000,-996.000
137.000,  9.327,  0.000,  0.000,  0.000,  0.000,  0.000, -1.000,  0.000,-13.000,  2.000,  0.000,  0.000, 78.000, 80.000, 68.000, 20.000, 29.000,196.460, 91.000,-31.000, 40.000,-999.000
138.000,  9.417,  0.000,  0.000,  0.000,  0.000,  0.000, -1.000,  0.000,-13.000,  2.000,  0.000,  0.000, 78.000, 80.000, 67.000, 20.000, 29.000,196.490, 91.000,-27.000,  2.000,-994.000
139.000,  9.522,  0.000,  0.000,  0.000,  0.000,  0.000, -1.000,  0.000,-13.000,  2.000,  0.000,  0.000, 78.000, 80.000, 67.000, 20.000, 29.000,196.360, 91.000,-43.000,-16.000,-1007.000
140.000,  9.626,  0.000,  0.000,  0.000,  0.000,  0.000, -1.000,  0.000,-13.000,  2.000,  0.000,  0.000, 78.000, 80.000, 67.000, 20.000, 29.000,196.410, 91.000,-47.000, -8.000,-1012.000
141.000,  9.725,  0.000,  0.000,  0.000,  0.000,  0.000, -1.000,  0.000,-13.000,  2.000,  0.000,  0.000, 78.000, 80.000, 67.000, 20.000, 29.000,196.410, 92.000,-34.000, -1.000,-998.000
142.000,  9.828,  0.000,  0.000,  0.000,  0.000,  0.000, -1.000,  0.000,-13.000,  2.000,  0.000,  0.000, 78.000, 80.000, 66.000, 20.000, 29.000,196.410, 92.000,-30.000, 18.000,-982.000
143.000,  9.926,  0.000,  0.000,  0.000,  0.000,  0.000, -1.000,  0.000,-13.000,  2.000,  0.000,  0.000, 78.000, 79.000, 67.000, 20.000, 29.000,196.490, 92.000,-54.000,  0.000,-1017.000
144.000, 10.029,  0.000,  0.000,  0.000,  0.000,  0.000, -1.000,  0.000,-13.000,  2.000,  0.000,  0.000, 78.000, 79.000, 66.000, 20.000, 29.000,196.390, 92.000,-36.000,-13.000,-1019.000
145.000, 10.131,  0.000,  0.000,  0.000,  0.000,  0.000, -1.000,  0.000,-13.000,  2.000,  0.000,  0.000, 78.000, 79.000, 66.000, 20.000, 29.000,196.370, 92.000,-51.000,-14.000,-1023.000
146.000, 10.233,  0.000,  0.000,  0.000,  0.000,  0.000, -1.000,  0.000,-13.000,  2.000,  0.000,  0.000, 78.000, 79.000, 66.000, 20.000, 29.000,196.310, 92.000,-57.000,  6.000,-998.000
147.000, 10.335,  0.000,  0.000,  0.000,  0.000,  0.000, -1.000,  0.000,-13.000,  2.000,  0.000,  0.000, 78.000, 79.000, 66.000, 20.000, 29.000,196.460, 92.000,-45.000,  7.000,-1029.000
148.000, 10.437,  0.000,  0.000,  0.000,  0.000,  0.000, -1.000,  0.000,-13.000,  2.000,  0.000,  0.000, 78.000, 79.000, 66.000, 20.000, 29.000,196.380, 92.000,-30.000, 27.000,-979.000
149.000, 10.538,  0.000,  0.000,  0.000,  0.000,  0.000, -2.000,  0.000,-13.000,  2.000,  0.000,  0.000, 78.000, 79.000, 66.000, 20.000, 29.000,196.500, 92.000,-35.000,  9.000,-986.000
150.000, 10.641,  0.000,  0.000,  0.000,  0.000,  0.000, -2.000,  0.000,-13.000,  2.000,  0.000,  0.000, 78.000, 79.000, 66.000, 20.000, 29.000,196.450, 93.000,-48.000,-30.000,-986.000
151.000, 10.742,  0.000,  0.000,  0.000,  0.000,  0.000, -2.000,  0.000,-13.000,  2.000,  0.000,  0.000, 78.000, 79.000, 66.000, 20.000, 29.000,196.520, 93.000,-41.000,-26.000,-1007.000
152.000, 10.859,  0.000,  0.000,  0.000,  0.000,  0.000, -2.000,  0.000,-13.000,  2.000,  0.000,  0.000, 78.000, 79.000, 66.000, 20.000, 29.000,196.450, 93.000,-36.000,-20.000,-1001.000
153.000, 10.947,  0.000,  0.000,  0.000,  0.000,  0.000, -2.000,  0.000,-13.000,  2.000,  0.000,  0.000, 78.000, 80.000, 65.000, 20.000, 29.000,196.570, 93.000,-34.000, -2.000,-990.000
154.000, 11.048,  0.000,  0.000,  0.000,  0.000,  0.000, -2.000,  0.000,-13.000,  2.000,  0.000,  0.000, 78.000, 80.000, 65.000, 20.000, 29.000,196.250, 93.000,-50.000,  1.000,-994.000
155.000, 11.151,  0.000,  0.000,  0.000,  0.000,  0.000, -1.000,  0.000,-13.000,  2.000,  0.000,  0.000, 78.000, 80.000, 65.000, 20.000, 29.000,196.500, 93.000,-61.000, -3.000,-1043.000
156.000, 11.254,  0.000,  0.000,  0.000,  0.000,  0.000, -2.000,  0.000,-13.000,  2.000,  0.000,  0.000, 78.000, 80.000, 65.000, 20.000, 29.000,196.440, 93.000,-72.000, -2.000,-1030.000
157.000, 11.354,  0.000,  0.000,  0.000,  0.000,  0.000, -2.000,  0.000,-13.000,  2.000,  0.000,  0.000, 78.000, 80.000, 65.000, 20.000, 29.000,196.380, 93.000,-44.000,  3.000,-988.000
158.000, 11.456,  0.000,  0.000,  0.000,  0.000,  0.000, -2.000,  0.000,-13.000,  2.000,  0.000,  0.000, 78.000, 80.000, 64.000, 20.000, 29.000,196.360, 93.000,-57.000, -7.000,-982.000
159.000, 11.558,  0.000,  0.000,  0.000,  0.000,  0.000, -2.000,  0.000,-13.000,  2.000,  0.000,  0.000, 78.000, 80.000, 64.000, 20.000, 29.000,196.430, 93.000,-38.000,-19.000,-950.000
160.000, 11.661,  0.000,  0.000,  0.000,  0.000,  0.000, -2.000,  0.000,-13.000,  2.000,  0.000,  0.000, 78.000, 80.000, 64.000, 20.000, 29.000,196.360, 94.000,-59.000,  6.000,-1009.000
161.000, 11.762,  0.000,  0.000,  0.000,  0.000,  0.000, -2.000,  1.000,-13.000,  2.000, -1.000,  0.000, 78.000, 80.000, 64.000, 20.000, 29.000,196.390, 94.000,-39.000,-38.000,-1008.000
162.000, 11.867,  0.000,  0.000,  0.000,  0.000,  0.000, -1.000,  1.000,-13.000,  2.000,  0.000,  0.000, 78.000, 80.000, 64.000, 20.000, 29.000,196.470, 94.000,-27.000, -1.000,-997.000
163.000, 11.967,  0.000,  0.000,  0.000,  0.000,  0.000, -1.000,  0.000,-13.000,  2.000,  0.000,  0.000, 77.000, 80.000, 64.000, 20.000, 29.000,196.510, 94.000,-44.000, 42.000,-965.000
164.000, 12.071,  0.000,  0.000,  0.000,  0.000,  0.000, -1.000,  0.000,-13.000,  2.000,  0.000,  0.000, 77.000, 80.000, 64.000, 20.000, 29.000,196.380, 94.000,-26.000, -5.000,-977.000
165.000, 12.171,  0.000,  0.000,  0.000,  0.000,  0.000, -1.000,  0.000,-12.000,  2.000,  0.000,  0.000, 77.000, 80.000, 63.000, 20.000, 29.000,196.470, 94.000,-17.000, 55.000,-946.000
166.000, 12.272,  0.000,  0.000,  0.000,  0.000,  0.000, -1.000, -1.000,-12.000,  2.000,  0.000,  0.000, 77.000, 80.000, 63.000, 20.000, 29.000,196.490, 94.000,-39.000, 20.000,-1027.000
167.000, 12.374,  0.000,  0.000,  0.000,  0.000,  0.000, -1.000, -2.000,-12.000,  2.000,  0.000,  0.000, 77.000, 80.000, 63.000, 20.000, 29.000,196.520, 94.000,-36.000, 25.000,-1010.000
168.000, 12.425,  0.000,  0.000,  0.000,  0.000,  0.000, -1.000, -1.000,-12.000,  2.000,  0.000,  0.000, 77.000, 80.000, 63.000, 20.000, 29.000,196.510, 94.000,-31.000, 24.000,-979.000
169.000, 12.527,  0.000,  0.000,  0.000,  0.000,  0.000, -1.000, -1.000,-13.000,  2.000,  0.000,  0.000, 77.000, 80.000, 63.000, 20.000, 29.000,196.390, 94.000,-24.000,  4.000,-1004.000
170.000, 12.629,  0.000,  0.000,  0.000,  0.000,  0.000, -1.000, -1.000,-13.000,  2.000,  0.000,  0.000, 77.000, 80.000, 63.000, 20.000, 28.000,196.410, 95.000,-33.000, 36.000,-1009.000
171.000, 12.731,  0.000,  0.000,  0.000,  0.000,  0.000, -1.000, -1.000,-13.000,  2.000,  0.000,  0.000, 77.000, 80.000, 63.000, 20.000, 28.000,196.390, 95.000,-40.000, 24.000,-983.000
172.000, 12.837,  0.000,  0.000,  0.000,  0.000,  0.000, -1.000,  0.000,-13.000,  2.000,  0.000,  0.000, 77.000, 80.000, 62.000, 20.000, 28.000,196.510, 95.000, -8.000,-22.000,-979.000
173.000, 12.937,  0.000,  0.000,  0.000,  0.000,  0.000, -1.000,  0.000,-13.000,  2.000,  0.000,  0.000, 77.000, 79.000, 62.000, 20.000, 28.000,196.500, 95.000,-21.000,-24.000,-994.000
174.000, 13.046,  0.000,  0.000,  0.000,  0.000,  0.000, -1.000, -1.000,-13.000,  2.000,  0.000,  0.000, 77.000, 79.000, 62.000, 20.000, 28.000,196.490, 95.000,-12.000,-26.000,-1032.000
175.000, 13.141,  0.000,  0.000,  0.000,  0.000,  0.000, -1.000,  0.000,-12.000,  2.000, -1.000,  0.000, 77.000, 79.000, 61.000, 20.000, 28.000,196.580, 95.000,  5.000, 20.000,-988.000
176.000, 13.243,  0.000,  0.000,  0.000,  0.000,  0.000,  4.000,  3.000,-13.000, -2.000,  0.000,  2.000, 77.000, 79.000, 62.000, 20.000, 28.000,196.460, 95.000, 34.000, 22.000,-1186.000
177.000, 13.344,  0.000,  0.000,  0.000,  0.000,  0.000, -5.000,  1.000,-14.000, -1.000,  0.000,  1.000, 77.000, 79.000, 64.000, 10.000, 28.000,196.320, 95.000, 43.000, -1.000,-1146.000
178.000, 13.446,  0.000,  0.000,  0.000,  0.000,  0.000, -5.000,  0.000,-14.000,  0.000,  0.000,  0.000, 77.000, 79.000, 66.000, 10.000, 28.000,196.340, 95.000, 49.000,  4.000,-1093.000
179.000, 13.548,  0.000,  0.000,  0.000,  0.000,  0.000, -4.000,  0.000,-13.000,  0.000,  0.000,  0.000, 77.000, 79.000, 68.000, 20.000, 28.000,196.430, 95.000, 17.000, 14.000,-1033.000
